mx: 3.597160, 4.310713, 0.768510
my: -2.293670, -2.234657, 1.427205
h: 3.597160
k: -2.293670
a: 4.855506
b: 1.607577
Phi: -27.402046
