mx: 4.697261, 5.540925, -0.010626
my: 0.022322, 0.040898, 2.886822
h: 4.697261
k: 0.022322
a: 5.541076
b: 2.886900
Phi: 0.422892
