mx: 3.676099, 4.108518, 1.085421
my: -2.214735, -2.436841, 1.744096
h: 3.676099
k: -2.214735
a: 4.776831
b: 2.027800
Phi: -30.672996
