mx: 4.660893, 5.631708, -0.153245
my: -0.014102, 0.131693, 2.744079
h: 4.660893
k: -0.014102
a: 5.633247
b: 2.744829
Phi: 1.339573
